error(train): 0.107382550336
error(test): 0.204819277108
