error(train): 0.142857142857
error(test): 0.107142857143
